M=0.3 kg
r=1.15104
v0=0.510522
